Wins: 
7, 0, 0, 14, 8, 0, 8, 0, 
20, 10, 20, 20, 7, 2, 3, 0, 
20, 0, 10, 20, 0, 0, 1, 0, 
1, 0, 0, 3, 8, 0, 11, 0, 
7, 13, 20, 10, 9, 4, 8, 6, 
20, 18, 20, 20, 16, 10, 15, 14, 
11, 17, 19, 8, 12, 5, 9, 6, 
20, 19, 20, 20, 14, 6, 14, 10, 
Ties: 
6, 0, 0, 5, 5, 0, 1, 0, 
0, 0, 0, 0, 0, 0, 0, 1, 
0, 0, 0, 0, 0, 0, 0, 0, 
5, 0, 0, 14, 2, 0, 1, 0, 
5, 0, 0, 2, 2, 0, 0, 0, 
0, 0, 0, 0, 0, 0, 0, 0, 
1, 0, 0, 1, 0, 0, 2, 0, 
0, 1, 0, 0, 0, 0, 0, 0, 
Loses: 
7, 20, 20, 1, 7, 20, 11, 20, 
0, 10, 0, 0, 13, 18, 17, 19, 
0, 20, 10, 0, 20, 20, 19, 20, 
14, 20, 20, 3, 10, 20, 8, 20, 
8, 7, 0, 8, 9, 16, 12, 14, 
0, 2, 0, 0, 4, 10, 5, 6, 
8, 3, 1, 11, 8, 15, 9, 14, 
0, 0, 0, 0, 6, 14, 6, 10, 
Ponits: 
45.5

82.5

51.0

34.0

81.5

133.0

89.0

123.5

Win average time: 
2366.1428571428573, -, -, 2483.785714285714, 1738.75, -, 1685.625, -, 
647.95, 1673.0, 661.0, 685.45, 684.4285714285714, 795.5, 857.0, -, 
901.8, -, 1769.0, 905.15, -, -, 824.0, -, 
2400.0, -, -, 2640.0, 1446.25, -, 1253.6363636363637, -, 
501.42857142857144, 341.61538461538464, 337.1, 551.2, 573.8888888888889, 436.25, 532.25, 468.8333333333333, 
567.75, 352.55555555555554, 327.3, 539.35, 568.125, 487.5, 419.0, 493.42857142857144, 
414.09090909090907, 293.52941176470586, 315.2631578947368, 465.625, 460.4166666666667, 357.0, 366.6666666666667, 425.0, 
572.0, 315.7894736842105, 313.5, 507.75, 565.0, 415.8333333333333, 366.07142857142856, 483.5, 
Tie average time: 
3000.0, -, -, 3000.0, 3000.0, -, 3000.0, -, 
-, -, -, -, -, -, -, 3000.0, 
-, -, -, -, -, -, -, -, 
3000.0, -, -, 3000.0, 3000.0, -, 2190.0, -, 
3000.0, -, -, 3000.0, 690.0, -, -, -, 
-, -, -, -, -, -, -, -, 
3000.0, -, -, 2190.0, -, -, 350.0, -, 
-, 3000.0, -, -, -, -, -, -, 
Lose average time: 
2366.1428571428573, 647.95, 901.8, 2400.0, 501.42857142857144, 567.75, 414.09090909090907, 572.0, 
-, 1673.0, -, -, 341.61538461538464, 352.55555555555554, 293.52941176470586, 315.7894736842105, 
-, 661.0, 1769.0, -, 337.1, 327.3, 315.2631578947368, 313.5, 
2483.785714285714, 685.45, 905.15, 2640.0, 551.2, 539.35, 465.625, 507.75, 
1738.75, 684.4285714285714, -, 1446.25, 573.8888888888889, 568.125, 460.4166666666667, 565.0, 
-, 795.5, -, -, 436.25, 487.5, 357.0, 415.8333333333333, 
1685.625, 857.0, 824.0, 1253.6363636363637, 532.25, 419.0, 366.6666666666667, 366.07142857142856, 
-, -, -, -, 468.8333333333333, 493.42857142857144, 425.0, 483.5, 
