Wins: 
96, 14, 22, 126, 84, 0, 73, 0, 
186, 100, 200, 151, 0, 0, 0, 0, 
178, 0, 100, 136, 0, 0, 0, 0, 
68, 49, 64, 96, 75, 0, 67, 1, 
113, 200, 200, 121, 95, 20, 102, 42, 
200, 200, 200, 200, 171, 94, 176, 117, 
118, 200, 200, 126, 89, 16, 94, 28, 
200, 200, 200, 199, 151, 63, 158, 93, 
Ties: 
8, 0, 0, 6, 3, 0, 9, 0, 
0, 0, 0, 0, 0, 0, 0, 0, 
0, 0, 0, 0, 0, 0, 0, 0, 
6, 0, 0, 8, 4, 0, 7, 0, 
3, 0, 0, 4, 10, 9, 9, 7, 
0, 0, 0, 0, 9, 12, 8, 20, 
9, 0, 0, 7, 9, 8, 12, 14, 
0, 0, 0, 0, 7, 20, 14, 14, 
Loses: 
96, 186, 178, 68, 113, 200, 118, 200, 
14, 100, 0, 49, 200, 200, 200, 200, 
22, 200, 100, 64, 200, 200, 200, 200, 
126, 151, 136, 96, 121, 200, 126, 199, 
84, 0, 0, 75, 95, 171, 89, 151, 
0, 0, 0, 0, 20, 94, 16, 63, 
73, 0, 0, 67, 102, 176, 94, 158, 
0, 0, 0, 1, 42, 117, 28, 93, 
Ponits: 
428.0

637.0

414.0

432.5

914.0

1382.5

900.5

1291.5

Win average time: 
1377.8645833333333, 783.9285714285714, 981.5909090909091, 1399.484126984127, 908.8690476190476, -, 1169.86301369863, -, 
644.7150537634409, 1179.0, 739.0, 661.5894039735099, -, -, -, -, 
808.6067415730337, -, 1177.0, 868.0073529411765, -, -, -, -, 
1196.8382352941176, 498.8775510204082, 618.046875, 1355.0520833333333, 749.6, -, 775.3731343283582, 575.0, 
352.6194690265487, 200.45, 202.5, 396.495867768595, 356.36842105263156, 349.5, 309.921568627451, 371.3809523809524, 
325.02, 206.375, 205.675, 329.485, 331.5497076023392, 424.52127659574467, 290.8068181818182, 384.8034188034188, 
340.59322033898303, 188.575, 186.075, 360.6746031746032, 315.1685393258427, 318.125, 262.8191489361702, 298.39285714285717, 
348.4, 206.1, 205.2, 325.8793969849246, 345.6291390728477, 388.0952380952381, 266.6455696202532, 333.5483870967742, 
Tie average time: 
3000.0, -, -, 2988.3333333333335, 3000.0, -, 2547.777777777778, -, 
-, -, -, -, -, -, -, -, 
-, -, -, -, -, -, -, -, 
2988.3333333333335, -, -, 2671.25, 1918.75, -, 1487.857142857143, -, 
3000.0, -, -, 1918.75, 422.0, 901.6666666666666, 346.1111111111111, 867.8571428571429, 
-, -, -, -, 901.6666666666666, 2569.1666666666665, 335.625, 2868.0, 
2547.777777777778, -, -, 1487.857142857143, 346.1111111111111, 335.625, 324.1666666666667, 337.14285714285717, 
-, -, -, -, 867.8571428571429, 2868.0, 337.14285714285717, 1552.857142857143, 
Lose average time: 
1377.8645833333333, 644.7150537634409, 808.6067415730337, 1196.8382352941176, 352.6194690265487, 325.02, 340.59322033898303, 348.4, 
783.9285714285714, 1179.0, -, 498.8775510204082, 200.45, 206.375, 188.575, 206.1, 
981.5909090909091, 739.0, 1177.0, 618.046875, 202.5, 205.675, 186.075, 205.2, 
1399.484126984127, 661.5894039735099, 868.0073529411765, 1355.0520833333333, 396.495867768595, 329.485, 360.6746031746032, 325.8793969849246, 
908.8690476190476, -, -, 749.6, 356.36842105263156, 331.5497076023392, 315.1685393258427, 345.6291390728477, 
-, -, -, -, 349.5, 424.52127659574467, 318.125, 388.0952380952381, 
1169.86301369863, -, -, 775.3731343283582, 309.921568627451, 290.8068181818182, 262.8191489361702, 266.6455696202532, 
-, -, -, 575.0, 371.3809523809524, 384.8034188034188, 298.39285714285717, 333.5483870967742, 
